{
 "cells": [
  {
   "cell_type": "code",
   "execution_count": 1,
   "id": "2ce14701-7b06-4ff4-aa25-edea82a31dcb",
   "metadata": {},
   "outputs": [
    {
     "name": "stderr",
     "output_type": "stream",
     "text": [
      "/var/folders/6g/94mzvld16m75jj2nk4wk6jnr0000gp/T/ipykernel_2900/3461346634.py:1: DeprecationWarning: \n",
      "Pyarrow will become a required dependency of pandas in the next major release of pandas (pandas 3.0),\n",
      "(to allow more performant data types, such as the Arrow string type, and better interoperability with other libraries)\n",
      "but was not found to be installed on your system.\n",
      "If this would cause problems for you,\n",
      "please provide us feedback at https://github.com/pandas-dev/pandas/issues/54466\n",
      "        \n",
      "  import pandas as pd\n"
     ]
    }
   ],
   "source": [
    "import pandas as pd\n",
    "\n",
    "import numpy as np"
   ]
  },
  {
   "cell_type": "code",
   "execution_count": 2,
   "id": "efa93680-2ff1-488c-9529-092aa3a1ae77",
   "metadata": {},
   "outputs": [],
   "source": [
    "df=pd.read_csv('/Users/lindseygulden/dev/leg-up/projects/n2o/data/saha_n2o_data.csv')"
   ]
  },
  {
   "cell_type": "code",
   "execution_count": 3,
   "id": "cc41af88-2010-4383-a183-eb000602f3d5",
   "metadata": {},
   "outputs": [
    {
     "data": {
      "text/html": [
       "<div>\n",
       "<style scoped>\n",
       "    .dataframe tbody tr th:only-of-type {\n",
       "        vertical-align: middle;\n",
       "    }\n",
       "\n",
       "    .dataframe tbody tr th {\n",
       "        vertical-align: top;\n",
       "    }\n",
       "\n",
       "    .dataframe thead th {\n",
       "        text-align: right;\n",
       "    }\n",
       "</style>\n",
       "<table border=\"1\" class=\"dataframe\">\n",
       "  <thead>\n",
       "    <tr style=\"text-align: right;\">\n",
       "      <th></th>\n",
       "      <th>Date</th>\n",
       "      <th>Year</th>\n",
       "      <th>Experiment</th>\n",
       "      <th>DataUse</th>\n",
       "      <th>Replication</th>\n",
       "      <th>Month</th>\n",
       "      <th>Vegetation</th>\n",
       "      <th>VegType</th>\n",
       "      <th>N2O</th>\n",
       "      <th>N_rate</th>\n",
       "      <th>...</th>\n",
       "      <th>PP7</th>\n",
       "      <th>AirT</th>\n",
       "      <th>DAF_TD</th>\n",
       "      <th>DAF_SD</th>\n",
       "      <th>WFPS25cm</th>\n",
       "      <th>NH4</th>\n",
       "      <th>NO3</th>\n",
       "      <th>Clay</th>\n",
       "      <th>Sand</th>\n",
       "      <th>SOM</th>\n",
       "    </tr>\n",
       "  </thead>\n",
       "  <tbody>\n",
       "    <tr>\n",
       "      <th>0</th>\n",
       "      <td>2/9/12</td>\n",
       "      <td>2012</td>\n",
       "      <td>BCSE_KBS</td>\n",
       "      <td>Building</td>\n",
       "      <td>R1</td>\n",
       "      <td>February</td>\n",
       "      <td>Corn</td>\n",
       "      <td>Annual</td>\n",
       "      <td>3.896742</td>\n",
       "      <td>170</td>\n",
       "      <td>...</td>\n",
       "      <td>0.00</td>\n",
       "      <td>-2.0</td>\n",
       "      <td>276</td>\n",
       "      <td>241</td>\n",
       "      <td>0.666508</td>\n",
       "      <td>11.046340</td>\n",
       "      <td>22.940812</td>\n",
       "      <td>62.5</td>\n",
       "      <td>637.5</td>\n",
       "      <td>1.174072</td>\n",
       "    </tr>\n",
       "    <tr>\n",
       "      <th>1</th>\n",
       "      <td>2/10/12</td>\n",
       "      <td>2012</td>\n",
       "      <td>BCSE_KBS</td>\n",
       "      <td>Building</td>\n",
       "      <td>R1</td>\n",
       "      <td>February</td>\n",
       "      <td>Corn</td>\n",
       "      <td>Annual</td>\n",
       "      <td>2.190218</td>\n",
       "      <td>170</td>\n",
       "      <td>...</td>\n",
       "      <td>0.00</td>\n",
       "      <td>-2.4</td>\n",
       "      <td>277</td>\n",
       "      <td>242</td>\n",
       "      <td>0.640608</td>\n",
       "      <td>11.008087</td>\n",
       "      <td>22.959578</td>\n",
       "      <td>62.5</td>\n",
       "      <td>637.5</td>\n",
       "      <td>1.174072</td>\n",
       "    </tr>\n",
       "    <tr>\n",
       "      <th>2</th>\n",
       "      <td>2/18/12</td>\n",
       "      <td>2012</td>\n",
       "      <td>BCSE_KBS</td>\n",
       "      <td>Building</td>\n",
       "      <td>R1</td>\n",
       "      <td>February</td>\n",
       "      <td>Corn</td>\n",
       "      <td>Annual</td>\n",
       "      <td>3.542594</td>\n",
       "      <td>170</td>\n",
       "      <td>...</td>\n",
       "      <td>8.64</td>\n",
       "      <td>0.3</td>\n",
       "      <td>285</td>\n",
       "      <td>250</td>\n",
       "      <td>0.728085</td>\n",
       "      <td>10.831669</td>\n",
       "      <td>23.221928</td>\n",
       "      <td>62.5</td>\n",
       "      <td>637.5</td>\n",
       "      <td>1.174072</td>\n",
       "    </tr>\n",
       "    <tr>\n",
       "      <th>3</th>\n",
       "      <td>2/19/12</td>\n",
       "      <td>2012</td>\n",
       "      <td>BCSE_KBS</td>\n",
       "      <td>Building</td>\n",
       "      <td>R1</td>\n",
       "      <td>February</td>\n",
       "      <td>Corn</td>\n",
       "      <td>Annual</td>\n",
       "      <td>3.342870</td>\n",
       "      <td>170</td>\n",
       "      <td>...</td>\n",
       "      <td>8.13</td>\n",
       "      <td>-3.8</td>\n",
       "      <td>286</td>\n",
       "      <td>251</td>\n",
       "      <td>0.686872</td>\n",
       "      <td>10.849792</td>\n",
       "      <td>23.271978</td>\n",
       "      <td>62.5</td>\n",
       "      <td>637.5</td>\n",
       "      <td>1.174072</td>\n",
       "    </tr>\n",
       "    <tr>\n",
       "      <th>4</th>\n",
       "      <td>3/16/12</td>\n",
       "      <td>2012</td>\n",
       "      <td>BCSE_KBS</td>\n",
       "      <td>Building</td>\n",
       "      <td>R1</td>\n",
       "      <td>March</td>\n",
       "      <td>Corn</td>\n",
       "      <td>Annual</td>\n",
       "      <td>2.947778</td>\n",
       "      <td>170</td>\n",
       "      <td>...</td>\n",
       "      <td>8.39</td>\n",
       "      <td>17.6</td>\n",
       "      <td>312</td>\n",
       "      <td>277</td>\n",
       "      <td>0.716221</td>\n",
       "      <td>10.204748</td>\n",
       "      <td>24.206855</td>\n",
       "      <td>62.5</td>\n",
       "      <td>637.5</td>\n",
       "      <td>1.174072</td>\n",
       "    </tr>\n",
       "  </tbody>\n",
       "</table>\n",
       "<p>5 rows × 21 columns</p>\n",
       "</div>"
      ],
      "text/plain": [
       "      Date  Year Experiment   DataUse Replication     Month Vegetation  \\\n",
       "0   2/9/12  2012   BCSE_KBS  Building          R1  February       Corn   \n",
       "1  2/10/12  2012   BCSE_KBS  Building          R1  February       Corn   \n",
       "2  2/18/12  2012   BCSE_KBS  Building          R1  February       Corn   \n",
       "3  2/19/12  2012   BCSE_KBS  Building          R1  February       Corn   \n",
       "4  3/16/12  2012   BCSE_KBS  Building          R1     March       Corn   \n",
       "\n",
       "  VegType       N2O  N_rate  ...   PP7  AirT  DAF_TD  DAF_SD  WFPS25cm  \\\n",
       "0  Annual  3.896742     170  ...  0.00  -2.0     276     241  0.666508   \n",
       "1  Annual  2.190218     170  ...  0.00  -2.4     277     242  0.640608   \n",
       "2  Annual  3.542594     170  ...  8.64   0.3     285     250  0.728085   \n",
       "3  Annual  3.342870     170  ...  8.13  -3.8     286     251  0.686872   \n",
       "4  Annual  2.947778     170  ...  8.39  17.6     312     277  0.716221   \n",
       "\n",
       "         NH4        NO3  Clay   Sand       SOM  \n",
       "0  11.046340  22.940812  62.5  637.5  1.174072  \n",
       "1  11.008087  22.959578  62.5  637.5  1.174072  \n",
       "2  10.831669  23.221928  62.5  637.5  1.174072  \n",
       "3  10.849792  23.271978  62.5  637.5  1.174072  \n",
       "4  10.204748  24.206855  62.5  637.5  1.174072  \n",
       "\n",
       "[5 rows x 21 columns]"
      ]
     },
     "execution_count": 3,
     "metadata": {},
     "output_type": "execute_result"
    }
   ],
   "source": [
    "df.head()"
   ]
  },
  {
   "cell_type": "code",
   "execution_count": 4,
   "id": "3e031ebf-7bd1-4f88-b99f-40e65d4fb8dc",
   "metadata": {},
   "outputs": [
    {
     "data": {
      "text/html": [
       "<div>\n",
       "<style scoped>\n",
       "    .dataframe tbody tr th:only-of-type {\n",
       "        vertical-align: middle;\n",
       "    }\n",
       "\n",
       "    .dataframe tbody tr th {\n",
       "        vertical-align: top;\n",
       "    }\n",
       "\n",
       "    .dataframe thead th {\n",
       "        text-align: right;\n",
       "    }\n",
       "</style>\n",
       "<table border=\"1\" class=\"dataframe\">\n",
       "  <thead>\n",
       "    <tr style=\"text-align: right;\">\n",
       "      <th></th>\n",
       "      <th>Year</th>\n",
       "      <th>N2O</th>\n",
       "      <th>N_rate</th>\n",
       "      <th>PP2</th>\n",
       "      <th>PP7</th>\n",
       "      <th>AirT</th>\n",
       "      <th>DAF_TD</th>\n",
       "      <th>DAF_SD</th>\n",
       "      <th>WFPS25cm</th>\n",
       "      <th>NH4</th>\n",
       "      <th>NO3</th>\n",
       "      <th>Clay</th>\n",
       "      <th>Sand</th>\n",
       "      <th>SOM</th>\n",
       "    </tr>\n",
       "  </thead>\n",
       "  <tbody>\n",
       "    <tr>\n",
       "      <th>count</th>\n",
       "      <td>2246.000000</td>\n",
       "      <td>2246.000000</td>\n",
       "      <td>2246.000000</td>\n",
       "      <td>2246.000000</td>\n",
       "      <td>2246.000000</td>\n",
       "      <td>2246.000000</td>\n",
       "      <td>2246.000000</td>\n",
       "      <td>2246.000000</td>\n",
       "      <td>2194.000000</td>\n",
       "      <td>2170.000000</td>\n",
       "      <td>2216.000000</td>\n",
       "      <td>2246.000000</td>\n",
       "      <td>2246.000000</td>\n",
       "      <td>2246.000000</td>\n",
       "    </tr>\n",
       "    <tr>\n",
       "      <th>mean</th>\n",
       "      <td>2011.925200</td>\n",
       "      <td>7.468610</td>\n",
       "      <td>142.994212</td>\n",
       "      <td>5.219839</td>\n",
       "      <td>19.245273</td>\n",
       "      <td>12.408699</td>\n",
       "      <td>195.321015</td>\n",
       "      <td>198.898041</td>\n",
       "      <td>0.531047</td>\n",
       "      <td>11.451364</td>\n",
       "      <td>24.997063</td>\n",
       "      <td>134.425163</td>\n",
       "      <td>462.686739</td>\n",
       "      <td>1.901503</td>\n",
       "    </tr>\n",
       "    <tr>\n",
       "      <th>std</th>\n",
       "      <td>3.617418</td>\n",
       "      <td>28.488257</td>\n",
       "      <td>56.130412</td>\n",
       "      <td>10.064123</td>\n",
       "      <td>23.723416</td>\n",
       "      <td>9.490152</td>\n",
       "      <td>144.915448</td>\n",
       "      <td>142.907436</td>\n",
       "      <td>0.171868</td>\n",
       "      <td>13.214895</td>\n",
       "      <td>24.941785</td>\n",
       "      <td>79.564891</td>\n",
       "      <td>219.451957</td>\n",
       "      <td>1.132896</td>\n",
       "    </tr>\n",
       "    <tr>\n",
       "      <th>min</th>\n",
       "      <td>2002.000000</td>\n",
       "      <td>-7.415297</td>\n",
       "      <td>0.000000</td>\n",
       "      <td>0.000000</td>\n",
       "      <td>0.000000</td>\n",
       "      <td>-20.700000</td>\n",
       "      <td>1.000000</td>\n",
       "      <td>0.000000</td>\n",
       "      <td>0.024388</td>\n",
       "      <td>1.383393</td>\n",
       "      <td>0.370070</td>\n",
       "      <td>62.500000</td>\n",
       "      <td>55.000000</td>\n",
       "      <td>1.174072</td>\n",
       "    </tr>\n",
       "    <tr>\n",
       "      <th>25%</th>\n",
       "      <td>2011.000000</td>\n",
       "      <td>0.504316</td>\n",
       "      <td>135.000000</td>\n",
       "      <td>0.000000</td>\n",
       "      <td>3.560000</td>\n",
       "      <td>5.940000</td>\n",
       "      <td>73.250000</td>\n",
       "      <td>75.000000</td>\n",
       "      <td>0.390203</td>\n",
       "      <td>5.290323</td>\n",
       "      <td>10.184722</td>\n",
       "      <td>62.500000</td>\n",
       "      <td>418.833333</td>\n",
       "      <td>1.174072</td>\n",
       "    </tr>\n",
       "    <tr>\n",
       "      <th>50%</th>\n",
       "      <td>2013.000000</td>\n",
       "      <td>1.972058</td>\n",
       "      <td>170.000000</td>\n",
       "      <td>0.510000</td>\n",
       "      <td>11.930000</td>\n",
       "      <td>14.490000</td>\n",
       "      <td>160.000000</td>\n",
       "      <td>172.000000</td>\n",
       "      <td>0.553853</td>\n",
       "      <td>9.081282</td>\n",
       "      <td>19.795863</td>\n",
       "      <td>128.333333</td>\n",
       "      <td>491.666667</td>\n",
       "      <td>1.186800</td>\n",
       "    </tr>\n",
       "    <tr>\n",
       "      <th>75%</th>\n",
       "      <td>2014.000000</td>\n",
       "      <td>5.187618</td>\n",
       "      <td>170.000000</td>\n",
       "      <td>6.000000</td>\n",
       "      <td>27.000000</td>\n",
       "      <td>20.070000</td>\n",
       "      <td>308.750000</td>\n",
       "      <td>320.000000</td>\n",
       "      <td>0.680321</td>\n",
       "      <td>12.140325</td>\n",
       "      <td>27.085459</td>\n",
       "      <td>183.250000</td>\n",
       "      <td>637.500000</td>\n",
       "      <td>1.823200</td>\n",
       "    </tr>\n",
       "    <tr>\n",
       "      <th>max</th>\n",
       "      <td>2017.000000</td>\n",
       "      <td>593.072000</td>\n",
       "      <td>213.000000</td>\n",
       "      <td>95.250000</td>\n",
       "      <td>260.090000</td>\n",
       "      <td>30.700000</td>\n",
       "      <td>718.000000</td>\n",
       "      <td>678.000000</td>\n",
       "      <td>0.912113</td>\n",
       "      <td>228.525000</td>\n",
       "      <td>238.920000</td>\n",
       "      <td>280.000000</td>\n",
       "      <td>637.500000</td>\n",
       "      <td>4.500000</td>\n",
       "    </tr>\n",
       "  </tbody>\n",
       "</table>\n",
       "</div>"
      ],
      "text/plain": [
       "              Year          N2O       N_rate          PP2          PP7  \\\n",
       "count  2246.000000  2246.000000  2246.000000  2246.000000  2246.000000   \n",
       "mean   2011.925200     7.468610   142.994212     5.219839    19.245273   \n",
       "std       3.617418    28.488257    56.130412    10.064123    23.723416   \n",
       "min    2002.000000    -7.415297     0.000000     0.000000     0.000000   \n",
       "25%    2011.000000     0.504316   135.000000     0.000000     3.560000   \n",
       "50%    2013.000000     1.972058   170.000000     0.510000    11.930000   \n",
       "75%    2014.000000     5.187618   170.000000     6.000000    27.000000   \n",
       "max    2017.000000   593.072000   213.000000    95.250000   260.090000   \n",
       "\n",
       "              AirT       DAF_TD       DAF_SD     WFPS25cm          NH4  \\\n",
       "count  2246.000000  2246.000000  2246.000000  2194.000000  2170.000000   \n",
       "mean     12.408699   195.321015   198.898041     0.531047    11.451364   \n",
       "std       9.490152   144.915448   142.907436     0.171868    13.214895   \n",
       "min     -20.700000     1.000000     0.000000     0.024388     1.383393   \n",
       "25%       5.940000    73.250000    75.000000     0.390203     5.290323   \n",
       "50%      14.490000   160.000000   172.000000     0.553853     9.081282   \n",
       "75%      20.070000   308.750000   320.000000     0.680321    12.140325   \n",
       "max      30.700000   718.000000   678.000000     0.912113   228.525000   \n",
       "\n",
       "               NO3         Clay         Sand          SOM  \n",
       "count  2216.000000  2246.000000  2246.000000  2246.000000  \n",
       "mean     24.997063   134.425163   462.686739     1.901503  \n",
       "std      24.941785    79.564891   219.451957     1.132896  \n",
       "min       0.370070    62.500000    55.000000     1.174072  \n",
       "25%      10.184722    62.500000   418.833333     1.174072  \n",
       "50%      19.795863   128.333333   491.666667     1.186800  \n",
       "75%      27.085459   183.250000   637.500000     1.823200  \n",
       "max     238.920000   280.000000   637.500000     4.500000  "
      ]
     },
     "execution_count": 4,
     "metadata": {},
     "output_type": "execute_result"
    }
   ],
   "source": [
    "df.describe()"
   ]
  },
  {
   "cell_type": "code",
   "execution_count": 5,
   "id": "c4088355-5695-4598-8bc7-effade14f41d",
   "metadata": {},
   "outputs": [
    {
     "data": {
      "text/plain": [
       "Index(['Year', 'N2O', 'N_rate', 'PP2', 'PP7', 'AirT', 'DAF_TD', 'DAF_SD',\n",
       "       'WFPS25cm', 'NH4', 'NO3', 'Clay', 'Sand', 'SOM'],\n",
       "      dtype='object')"
      ]
     },
     "execution_count": 5,
     "metadata": {},
     "output_type": "execute_result"
    }
   ],
   "source": [
    "numeric_cols=df.select_dtypes([np.number]).columns\n",
    "numeric_cols\n"
   ]
  },
  {
   "cell_type": "code",
   "execution_count": 6,
   "id": "d5dd4746-7079-45ea-b050-3c9ddd7c1a8e",
   "metadata": {},
   "outputs": [
    {
     "data": {
      "text/plain": [
       "Year        0.005082\n",
       "N2O         1.000000\n",
       "N_rate      0.063759\n",
       "PP2         0.151846\n",
       "PP7         0.210514\n",
       "AirT        0.121976\n",
       "DAF_TD     -0.138786\n",
       "DAF_SD     -0.162128\n",
       "WFPS25cm    0.149632\n",
       "NH4         0.497587\n",
       "NO3         0.359227\n",
       "Clay        0.147091\n",
       "Sand       -0.173431\n",
       "SOM         0.196683\n",
       "dtype: float64"
      ]
     },
     "execution_count": 6,
     "metadata": {},
     "output_type": "execute_result"
    }
   ],
   "source": [
    "df[numeric_cols].corrwith(df['N2O'])"
   ]
  },
  {
   "cell_type": "code",
   "execution_count": 18,
   "id": "9b2657a7-6a59-48d5-9272-ec31f2772a37",
   "metadata": {},
   "outputs": [],
   "source": [
    "from xgboost import XGBRegressor\n",
    "from sklearn.model_selection import train_test_split\n",
    "import datetime as dt\n"
   ]
  },
  {
   "cell_type": "code",
   "execution_count": 46,
   "id": "8a882a1d-9623-4598-bf12-2021441994ed",
   "metadata": {},
   "outputs": [],
   "source": [
    "def zero_pad(x):\n",
    "    if len(str(x))==1:\n",
    "        return '0'+str(x)\n",
    "    else:\n",
    "        return str(x)\n",
    "\n",
    "def zero_pad_date(d,splitchar='/'):\n",
    "    split_d=d.split(splitchar)\n",
    "    split_d=[zero_pad(x) for x in split_d]\n",
    "    return '/'.join(split_d)"
   ]
  },
  {
   "cell_type": "code",
   "execution_count": 61,
   "id": "c7da6854-889a-4b37-8d33-1448665fd82f",
   "metadata": {},
   "outputs": [],
   "source": [
    "df['date']=[dt.datetime.strptime(zero_pad_date(x),'%m/%d/%y') for x in df.Date]"
   ]
  },
  {
   "cell_type": "code",
   "execution_count": 62,
   "id": "c55217a3-8979-422b-9f4f-c025372caa2d",
   "metadata": {},
   "outputs": [],
   "source": [
    "df=pd.concat([df,pd.get_dummies(df.Vegetation,dtype='int')],axis=1)\n"
   ]
  },
  {
   "cell_type": "code",
   "execution_count": 66,
   "id": "957dd146-e2c1-40bd-b541-409e7d988527",
   "metadata": {},
   "outputs": [],
   "source": [
    "numeric_columns=df.select_dtypes([np.number]).columns"
   ]
  },
  {
   "cell_type": "code",
   "execution_count": 67,
   "id": "82b6a553-7440-4bf0-813c-284810164e3f",
   "metadata": {},
   "outputs": [],
   "source": [
    "X=df[[x for x in df[numeric_columns].columns.values if x != 'N2O']]\n",
    "y=df['N2O']"
   ]
  },
  {
   "cell_type": "code",
   "execution_count": 68,
   "id": "f8898f6b-b54f-4f26-ab99-f85dae2f02d3",
   "metadata": {},
   "outputs": [],
   "source": [
    "x_train,x_test,y_train,y_test=train_test_split( X, y, test_size=0.33, random_state=42)"
   ]
  },
  {
   "cell_type": "code",
   "execution_count": 84,
   "id": "9c255c66-8ee9-4fe8-89d5-13ae161519c6",
   "metadata": {},
   "outputs": [
    {
     "data": {
      "text/html": [
       "<div>\n",
       "<style scoped>\n",
       "    .dataframe tbody tr th:only-of-type {\n",
       "        vertical-align: middle;\n",
       "    }\n",
       "\n",
       "    .dataframe tbody tr th {\n",
       "        vertical-align: top;\n",
       "    }\n",
       "\n",
       "    .dataframe thead th {\n",
       "        text-align: right;\n",
       "    }\n",
       "</style>\n",
       "<table border=\"1\" class=\"dataframe\">\n",
       "  <thead>\n",
       "    <tr style=\"text-align: right;\">\n",
       "      <th></th>\n",
       "      <th>Year</th>\n",
       "      <th>N2O</th>\n",
       "      <th>N_rate</th>\n",
       "      <th>PP2</th>\n",
       "      <th>PP7</th>\n",
       "      <th>AirT</th>\n",
       "      <th>DAF_TD</th>\n",
       "      <th>DAF_SD</th>\n",
       "      <th>WFPS25cm</th>\n",
       "      <th>NH4</th>\n",
       "      <th>NO3</th>\n",
       "      <th>Clay</th>\n",
       "      <th>Sand</th>\n",
       "      <th>SOM</th>\n",
       "      <th>Corn</th>\n",
       "      <th>GLYMX</th>\n",
       "      <th>TRIAE</th>\n",
       "    </tr>\n",
       "  </thead>\n",
       "  <tbody>\n",
       "    <tr>\n",
       "      <th>Year</th>\n",
       "      <td>1.000000</td>\n",
       "      <td>0.005082</td>\n",
       "      <td>0.507835</td>\n",
       "      <td>0.048260</td>\n",
       "      <td>0.034155</td>\n",
       "      <td>-0.174670</td>\n",
       "      <td>-0.217288</td>\n",
       "      <td>-0.159024</td>\n",
       "      <td>0.581966</td>\n",
       "      <td>0.071238</td>\n",
       "      <td>0.090134</td>\n",
       "      <td>-0.371359</td>\n",
       "      <td>0.238220</td>\n",
       "      <td>-0.093997</td>\n",
       "      <td>0.517232</td>\n",
       "      <td>-0.393165</td>\n",
       "      <td>-0.300842</td>\n",
       "    </tr>\n",
       "    <tr>\n",
       "      <th>N2O</th>\n",
       "      <td>0.005082</td>\n",
       "      <td>1.000000</td>\n",
       "      <td>0.063759</td>\n",
       "      <td>0.151846</td>\n",
       "      <td>0.210514</td>\n",
       "      <td>0.121976</td>\n",
       "      <td>-0.138786</td>\n",
       "      <td>-0.162128</td>\n",
       "      <td>0.149632</td>\n",
       "      <td>0.497587</td>\n",
       "      <td>0.359227</td>\n",
       "      <td>0.147091</td>\n",
       "      <td>-0.173431</td>\n",
       "      <td>0.196683</td>\n",
       "      <td>0.075588</td>\n",
       "      <td>-0.055396</td>\n",
       "      <td>-0.046059</td>\n",
       "    </tr>\n",
       "    <tr>\n",
       "      <th>N_rate</th>\n",
       "      <td>0.507835</td>\n",
       "      <td>0.063759</td>\n",
       "      <td>1.000000</td>\n",
       "      <td>0.045814</td>\n",
       "      <td>0.040572</td>\n",
       "      <td>-0.124720</td>\n",
       "      <td>-0.451276</td>\n",
       "      <td>-0.348424</td>\n",
       "      <td>0.472921</td>\n",
       "      <td>0.135401</td>\n",
       "      <td>0.251330</td>\n",
       "      <td>-0.236495</td>\n",
       "      <td>0.106406</td>\n",
       "      <td>0.020390</td>\n",
       "      <td>0.826666</td>\n",
       "      <td>-0.805386</td>\n",
       "      <td>-0.301002</td>\n",
       "    </tr>\n",
       "    <tr>\n",
       "      <th>PP2</th>\n",
       "      <td>0.048260</td>\n",
       "      <td>0.151846</td>\n",
       "      <td>0.045814</td>\n",
       "      <td>1.000000</td>\n",
       "      <td>0.520384</td>\n",
       "      <td>0.038463</td>\n",
       "      <td>-0.052178</td>\n",
       "      <td>-0.043300</td>\n",
       "      <td>0.167009</td>\n",
       "      <td>0.008547</td>\n",
       "      <td>0.030961</td>\n",
       "      <td>0.050715</td>\n",
       "      <td>-0.058429</td>\n",
       "      <td>0.061804</td>\n",
       "      <td>0.050699</td>\n",
       "      <td>-0.049155</td>\n",
       "      <td>-0.018703</td>\n",
       "    </tr>\n",
       "    <tr>\n",
       "      <th>PP7</th>\n",
       "      <td>0.034155</td>\n",
       "      <td>0.210514</td>\n",
       "      <td>0.040572</td>\n",
       "      <td>0.520384</td>\n",
       "      <td>1.000000</td>\n",
       "      <td>0.058929</td>\n",
       "      <td>-0.085922</td>\n",
       "      <td>-0.073653</td>\n",
       "      <td>0.184392</td>\n",
       "      <td>0.062815</td>\n",
       "      <td>-0.008435</td>\n",
       "      <td>0.040403</td>\n",
       "      <td>-0.035930</td>\n",
       "      <td>0.028725</td>\n",
       "      <td>0.006017</td>\n",
       "      <td>-0.052374</td>\n",
       "      <td>0.045059</td>\n",
       "    </tr>\n",
       "    <tr>\n",
       "      <th>AirT</th>\n",
       "      <td>-0.174670</td>\n",
       "      <td>0.121976</td>\n",
       "      <td>-0.124720</td>\n",
       "      <td>0.038463</td>\n",
       "      <td>0.058929</td>\n",
       "      <td>1.000000</td>\n",
       "      <td>-0.414874</td>\n",
       "      <td>-0.275817</td>\n",
       "      <td>-0.348544</td>\n",
       "      <td>0.154835</td>\n",
       "      <td>0.281925</td>\n",
       "      <td>0.077837</td>\n",
       "      <td>-0.051438</td>\n",
       "      <td>0.022922</td>\n",
       "      <td>-0.138222</td>\n",
       "      <td>0.087003</td>\n",
       "      <td>0.098747</td>\n",
       "    </tr>\n",
       "    <tr>\n",
       "      <th>DAF_TD</th>\n",
       "      <td>-0.217288</td>\n",
       "      <td>-0.138786</td>\n",
       "      <td>-0.451276</td>\n",
       "      <td>-0.052178</td>\n",
       "      <td>-0.085922</td>\n",
       "      <td>-0.414874</td>\n",
       "      <td>1.000000</td>\n",
       "      <td>0.636143</td>\n",
       "      <td>-0.072491</td>\n",
       "      <td>-0.249381</td>\n",
       "      <td>-0.348005</td>\n",
       "      <td>0.028405</td>\n",
       "      <td>0.041892</td>\n",
       "      <td>-0.107523</td>\n",
       "      <td>-0.420175</td>\n",
       "      <td>0.512814</td>\n",
       "      <td>0.047895</td>\n",
       "    </tr>\n",
       "    <tr>\n",
       "      <th>DAF_SD</th>\n",
       "      <td>-0.159024</td>\n",
       "      <td>-0.162128</td>\n",
       "      <td>-0.348424</td>\n",
       "      <td>-0.043300</td>\n",
       "      <td>-0.073653</td>\n",
       "      <td>-0.275817</td>\n",
       "      <td>0.636143</td>\n",
       "      <td>1.000000</td>\n",
       "      <td>0.005008</td>\n",
       "      <td>-0.163316</td>\n",
       "      <td>-0.290494</td>\n",
       "      <td>0.062592</td>\n",
       "      <td>-0.003061</td>\n",
       "      <td>-0.055650</td>\n",
       "      <td>-0.304653</td>\n",
       "      <td>0.418119</td>\n",
       "      <td>-0.012304</td>\n",
       "    </tr>\n",
       "    <tr>\n",
       "      <th>WFPS25cm</th>\n",
       "      <td>0.581966</td>\n",
       "      <td>0.149632</td>\n",
       "      <td>0.472921</td>\n",
       "      <td>0.167009</td>\n",
       "      <td>0.184392</td>\n",
       "      <td>-0.348544</td>\n",
       "      <td>-0.072491</td>\n",
       "      <td>0.005008</td>\n",
       "      <td>1.000000</td>\n",
       "      <td>0.109272</td>\n",
       "      <td>0.157472</td>\n",
       "      <td>-0.313674</td>\n",
       "      <td>0.165539</td>\n",
       "      <td>-0.005825</td>\n",
       "      <td>0.515922</td>\n",
       "      <td>-0.366607</td>\n",
       "      <td>-0.330492</td>\n",
       "    </tr>\n",
       "    <tr>\n",
       "      <th>NH4</th>\n",
       "      <td>0.071238</td>\n",
       "      <td>0.497587</td>\n",
       "      <td>0.135401</td>\n",
       "      <td>0.008547</td>\n",
       "      <td>0.062815</td>\n",
       "      <td>0.154835</td>\n",
       "      <td>-0.249381</td>\n",
       "      <td>-0.163316</td>\n",
       "      <td>0.109272</td>\n",
       "      <td>1.000000</td>\n",
       "      <td>0.535170</td>\n",
       "      <td>0.091247</td>\n",
       "      <td>-0.129575</td>\n",
       "      <td>0.156523</td>\n",
       "      <td>0.164417</td>\n",
       "      <td>-0.127579</td>\n",
       "      <td>-0.093806</td>\n",
       "    </tr>\n",
       "    <tr>\n",
       "      <th>NO3</th>\n",
       "      <td>0.090134</td>\n",
       "      <td>0.359227</td>\n",
       "      <td>0.251330</td>\n",
       "      <td>0.030961</td>\n",
       "      <td>-0.008435</td>\n",
       "      <td>0.281925</td>\n",
       "      <td>-0.348005</td>\n",
       "      <td>-0.290494</td>\n",
       "      <td>0.157472</td>\n",
       "      <td>0.535170</td>\n",
       "      <td>1.000000</td>\n",
       "      <td>0.040524</td>\n",
       "      <td>-0.116992</td>\n",
       "      <td>0.185940</td>\n",
       "      <td>0.299658</td>\n",
       "      <td>-0.197109</td>\n",
       "      <td>-0.205293</td>\n",
       "    </tr>\n",
       "    <tr>\n",
       "      <th>Clay</th>\n",
       "      <td>-0.371359</td>\n",
       "      <td>0.147091</td>\n",
       "      <td>-0.236495</td>\n",
       "      <td>0.050715</td>\n",
       "      <td>0.040403</td>\n",
       "      <td>0.077837</td>\n",
       "      <td>0.028405</td>\n",
       "      <td>0.062592</td>\n",
       "      <td>-0.313674</td>\n",
       "      <td>0.091247</td>\n",
       "      <td>0.040524</td>\n",
       "      <td>1.000000</td>\n",
       "      <td>-0.965771</td>\n",
       "      <td>0.863967</td>\n",
       "      <td>-0.157252</td>\n",
       "      <td>0.106437</td>\n",
       "      <td>0.104768</td>\n",
       "    </tr>\n",
       "    <tr>\n",
       "      <th>Sand</th>\n",
       "      <td>0.238220</td>\n",
       "      <td>-0.173431</td>\n",
       "      <td>0.106406</td>\n",
       "      <td>-0.058429</td>\n",
       "      <td>-0.035930</td>\n",
       "      <td>-0.051438</td>\n",
       "      <td>0.041892</td>\n",
       "      <td>-0.003061</td>\n",
       "      <td>0.165539</td>\n",
       "      <td>-0.129575</td>\n",
       "      <td>-0.116992</td>\n",
       "      <td>-0.965771</td>\n",
       "      <td>1.000000</td>\n",
       "      <td>-0.959153</td>\n",
       "      <td>0.009483</td>\n",
       "      <td>-0.006031</td>\n",
       "      <td>-0.006711</td>\n",
       "    </tr>\n",
       "    <tr>\n",
       "      <th>SOM</th>\n",
       "      <td>-0.093997</td>\n",
       "      <td>0.196683</td>\n",
       "      <td>0.020390</td>\n",
       "      <td>0.061804</td>\n",
       "      <td>0.028725</td>\n",
       "      <td>0.022922</td>\n",
       "      <td>-0.107523</td>\n",
       "      <td>-0.055650</td>\n",
       "      <td>-0.005825</td>\n",
       "      <td>0.156523</td>\n",
       "      <td>0.185940</td>\n",
       "      <td>0.863967</td>\n",
       "      <td>-0.959153</td>\n",
       "      <td>1.000000</td>\n",
       "      <td>0.134470</td>\n",
       "      <td>-0.091542</td>\n",
       "      <td>-0.089055</td>\n",
       "    </tr>\n",
       "    <tr>\n",
       "      <th>Corn</th>\n",
       "      <td>0.517232</td>\n",
       "      <td>0.075588</td>\n",
       "      <td>0.826666</td>\n",
       "      <td>0.050699</td>\n",
       "      <td>0.006017</td>\n",
       "      <td>-0.138222</td>\n",
       "      <td>-0.420175</td>\n",
       "      <td>-0.304653</td>\n",
       "      <td>0.515922</td>\n",
       "      <td>0.164417</td>\n",
       "      <td>0.299658</td>\n",
       "      <td>-0.157252</td>\n",
       "      <td>0.009483</td>\n",
       "      <td>0.134470</td>\n",
       "      <td>1.000000</td>\n",
       "      <td>-0.677974</td>\n",
       "      <td>-0.665102</td>\n",
       "    </tr>\n",
       "    <tr>\n",
       "      <th>GLYMX</th>\n",
       "      <td>-0.393165</td>\n",
       "      <td>-0.055396</td>\n",
       "      <td>-0.805386</td>\n",
       "      <td>-0.049155</td>\n",
       "      <td>-0.052374</td>\n",
       "      <td>0.087003</td>\n",
       "      <td>0.512814</td>\n",
       "      <td>0.418119</td>\n",
       "      <td>-0.366607</td>\n",
       "      <td>-0.127579</td>\n",
       "      <td>-0.197109</td>\n",
       "      <td>0.106437</td>\n",
       "      <td>-0.006031</td>\n",
       "      <td>-0.091542</td>\n",
       "      <td>-0.677974</td>\n",
       "      <td>1.000000</td>\n",
       "      <td>-0.098005</td>\n",
       "    </tr>\n",
       "    <tr>\n",
       "      <th>TRIAE</th>\n",
       "      <td>-0.300842</td>\n",
       "      <td>-0.046059</td>\n",
       "      <td>-0.301002</td>\n",
       "      <td>-0.018703</td>\n",
       "      <td>0.045059</td>\n",
       "      <td>0.098747</td>\n",
       "      <td>0.047895</td>\n",
       "      <td>-0.012304</td>\n",
       "      <td>-0.330492</td>\n",
       "      <td>-0.093806</td>\n",
       "      <td>-0.205293</td>\n",
       "      <td>0.104768</td>\n",
       "      <td>-0.006711</td>\n",
       "      <td>-0.089055</td>\n",
       "      <td>-0.665102</td>\n",
       "      <td>-0.098005</td>\n",
       "      <td>1.000000</td>\n",
       "    </tr>\n",
       "  </tbody>\n",
       "</table>\n",
       "</div>"
      ],
      "text/plain": [
       "              Year       N2O    N_rate       PP2       PP7      AirT  \\\n",
       "Year      1.000000  0.005082  0.507835  0.048260  0.034155 -0.174670   \n",
       "N2O       0.005082  1.000000  0.063759  0.151846  0.210514  0.121976   \n",
       "N_rate    0.507835  0.063759  1.000000  0.045814  0.040572 -0.124720   \n",
       "PP2       0.048260  0.151846  0.045814  1.000000  0.520384  0.038463   \n",
       "PP7       0.034155  0.210514  0.040572  0.520384  1.000000  0.058929   \n",
       "AirT     -0.174670  0.121976 -0.124720  0.038463  0.058929  1.000000   \n",
       "DAF_TD   -0.217288 -0.138786 -0.451276 -0.052178 -0.085922 -0.414874   \n",
       "DAF_SD   -0.159024 -0.162128 -0.348424 -0.043300 -0.073653 -0.275817   \n",
       "WFPS25cm  0.581966  0.149632  0.472921  0.167009  0.184392 -0.348544   \n",
       "NH4       0.071238  0.497587  0.135401  0.008547  0.062815  0.154835   \n",
       "NO3       0.090134  0.359227  0.251330  0.030961 -0.008435  0.281925   \n",
       "Clay     -0.371359  0.147091 -0.236495  0.050715  0.040403  0.077837   \n",
       "Sand      0.238220 -0.173431  0.106406 -0.058429 -0.035930 -0.051438   \n",
       "SOM      -0.093997  0.196683  0.020390  0.061804  0.028725  0.022922   \n",
       "Corn      0.517232  0.075588  0.826666  0.050699  0.006017 -0.138222   \n",
       "GLYMX    -0.393165 -0.055396 -0.805386 -0.049155 -0.052374  0.087003   \n",
       "TRIAE    -0.300842 -0.046059 -0.301002 -0.018703  0.045059  0.098747   \n",
       "\n",
       "            DAF_TD    DAF_SD  WFPS25cm       NH4       NO3      Clay  \\\n",
       "Year     -0.217288 -0.159024  0.581966  0.071238  0.090134 -0.371359   \n",
       "N2O      -0.138786 -0.162128  0.149632  0.497587  0.359227  0.147091   \n",
       "N_rate   -0.451276 -0.348424  0.472921  0.135401  0.251330 -0.236495   \n",
       "PP2      -0.052178 -0.043300  0.167009  0.008547  0.030961  0.050715   \n",
       "PP7      -0.085922 -0.073653  0.184392  0.062815 -0.008435  0.040403   \n",
       "AirT     -0.414874 -0.275817 -0.348544  0.154835  0.281925  0.077837   \n",
       "DAF_TD    1.000000  0.636143 -0.072491 -0.249381 -0.348005  0.028405   \n",
       "DAF_SD    0.636143  1.000000  0.005008 -0.163316 -0.290494  0.062592   \n",
       "WFPS25cm -0.072491  0.005008  1.000000  0.109272  0.157472 -0.313674   \n",
       "NH4      -0.249381 -0.163316  0.109272  1.000000  0.535170  0.091247   \n",
       "NO3      -0.348005 -0.290494  0.157472  0.535170  1.000000  0.040524   \n",
       "Clay      0.028405  0.062592 -0.313674  0.091247  0.040524  1.000000   \n",
       "Sand      0.041892 -0.003061  0.165539 -0.129575 -0.116992 -0.965771   \n",
       "SOM      -0.107523 -0.055650 -0.005825  0.156523  0.185940  0.863967   \n",
       "Corn     -0.420175 -0.304653  0.515922  0.164417  0.299658 -0.157252   \n",
       "GLYMX     0.512814  0.418119 -0.366607 -0.127579 -0.197109  0.106437   \n",
       "TRIAE     0.047895 -0.012304 -0.330492 -0.093806 -0.205293  0.104768   \n",
       "\n",
       "              Sand       SOM      Corn     GLYMX     TRIAE  \n",
       "Year      0.238220 -0.093997  0.517232 -0.393165 -0.300842  \n",
       "N2O      -0.173431  0.196683  0.075588 -0.055396 -0.046059  \n",
       "N_rate    0.106406  0.020390  0.826666 -0.805386 -0.301002  \n",
       "PP2      -0.058429  0.061804  0.050699 -0.049155 -0.018703  \n",
       "PP7      -0.035930  0.028725  0.006017 -0.052374  0.045059  \n",
       "AirT     -0.051438  0.022922 -0.138222  0.087003  0.098747  \n",
       "DAF_TD    0.041892 -0.107523 -0.420175  0.512814  0.047895  \n",
       "DAF_SD   -0.003061 -0.055650 -0.304653  0.418119 -0.012304  \n",
       "WFPS25cm  0.165539 -0.005825  0.515922 -0.366607 -0.330492  \n",
       "NH4      -0.129575  0.156523  0.164417 -0.127579 -0.093806  \n",
       "NO3      -0.116992  0.185940  0.299658 -0.197109 -0.205293  \n",
       "Clay     -0.965771  0.863967 -0.157252  0.106437  0.104768  \n",
       "Sand      1.000000 -0.959153  0.009483 -0.006031 -0.006711  \n",
       "SOM      -0.959153  1.000000  0.134470 -0.091542 -0.089055  \n",
       "Corn      0.009483  0.134470  1.000000 -0.677974 -0.665102  \n",
       "GLYMX    -0.006031 -0.091542 -0.677974  1.000000 -0.098005  \n",
       "TRIAE    -0.006711 -0.089055 -0.665102 -0.098005  1.000000  "
      ]
     },
     "execution_count": 84,
     "metadata": {},
     "output_type": "execute_result"
    }
   ],
   "source": [
    "df[numeric_columns].corr()"
   ]
  },
  {
   "cell_type": "code",
   "execution_count": 87,
   "id": "5850a861-4e41-41a9-aaa1-1a0f251019f2",
   "metadata": {},
   "outputs": [
    {
     "data": {
      "text/plain": [
       "['Date',\n",
       " 'Year',\n",
       " 'Experiment',\n",
       " 'DataUse',\n",
       " 'Replication',\n",
       " 'Month',\n",
       " 'Vegetation',\n",
       " 'VegType',\n",
       " 'N2O',\n",
       " 'N_rate',\n",
       " 'PP2',\n",
       " 'PP7',\n",
       " 'AirT',\n",
       " 'DAF_TD',\n",
       " 'DAF_SD',\n",
       " 'WFPS25cm',\n",
       " 'NH4',\n",
       " 'NO3',\n",
       " 'Clay',\n",
       " 'Sand',\n",
       " 'SOM',\n",
       " 'date',\n",
       " 'Corn',\n",
       " 'GLYMX',\n",
       " 'TRIAE',\n",
       " 'prediction',\n",
       " 'is_train']"
      ]
     },
     "execution_count": 87,
     "metadata": {},
     "output_type": "execute_result"
    }
   ],
   "source": [
    "list(df.columns.values)"
   ]
  },
  {
   "cell_type": "code",
   "execution_count": 69,
   "id": "4cadb068-1fa2-4de4-862c-255dfe5262c5",
   "metadata": {},
   "outputs": [],
   "source": [
    "regressor=XGBRegressor()"
   ]
  },
  {
   "cell_type": "code",
   "execution_count": 70,
   "id": "e1ee5853-271a-40d0-b84b-3ad948d86be0",
   "metadata": {},
   "outputs": [
    {
     "data": {
      "text/html": [
       "<style>#sk-container-id-1 {\n",
       "  /* Definition of color scheme common for light and dark mode */\n",
       "  --sklearn-color-text: black;\n",
       "  --sklearn-color-line: gray;\n",
       "  /* Definition of color scheme for unfitted estimators */\n",
       "  --sklearn-color-unfitted-level-0: #fff5e6;\n",
       "  --sklearn-color-unfitted-level-1: #f6e4d2;\n",
       "  --sklearn-color-unfitted-level-2: #ffe0b3;\n",
       "  --sklearn-color-unfitted-level-3: chocolate;\n",
       "  /* Definition of color scheme for fitted estimators */\n",
